姓名 强烈推荐 推荐 不推荐 
王维  7  12  48
张飞  4  19  44
潘金莲  3  20  44
蒋晶晶  7  18  45
蔡旭  7  25  38
张俐  7  17  46
章习武  5  13  35
柳金梅  6  12  35
陆雅  3  15  35
郑永健  2  23  46
张岸  4  20  47
熊莹莹  5  19  47
姚娜  3  16  37
高铁塔  4  14  38
王文文  4  16  36
王晓黎  0  17  42
程明远  5  15  39
黄新智  6  13  40
魏巍  6  17  44
刘菊红  5  20  42
韩华静  6  18  43
夏鸿声  5  14  35
许娟娟  5  12  37
唐仁轨  3  15  36
曹超  0  21  39
鲁智仁  1  20  39
魏青云  6  15  39
程红世  3  22  30
牛紫气  0  26  29
王大伟  2  16  37
刘晓东  0  23  43
李美吉  6  17  43
张鸣  5  18  43
章力  7  17  43
刘明智  0  27  40
陈莞尔  1  32  34
吴和伟  2  16  34
李八通  8  8  36
陈洁虹  5  13  34
